   0.0000000000000000        6.9205366682666414       0.91872630758625307     
  0.68965517241379315        6.7419632686525901        1.0012615299318499     
   1.3793103448275863        6.6532412714670972        1.0777199790732446     
   2.0689655172413794        6.5218554460458336        1.1734423630868898     
   2.7586206896551726        6.4597141026317173        1.2599635932768916     
   3.4482758620689657        6.4346531133562488        1.3297786036914374     
   4.1379310344827589        6.3745229430825452        1.4112821918962719     
   4.8275862068965516        6.3595650579928655        1.4966754628730092     
   5.5172413793103452        6.3469301423848439        1.5557019578559852     
   6.2068965517241388        6.3268434720708777        1.6538258931594807     
   6.8965517241379324        6.3440940442537199        1.7338361062071985     
   7.5862068965517260        6.3476370274660310        1.8079503767921410     
   8.2758620689655196        6.3613594693404361        1.8867529313096929     
   8.9655172413793132        6.3725138545915314        1.9774071545090641     
   9.6551724137931068        6.4050511588949623        2.0481911731029512     
   10.344827586206900        6.4302270293024000        2.1207315345610493     
   11.034482758620694        6.4627024816016769        2.2110725035752790     
   11.724137931034488        6.4919726642001701        2.2870015284767127     
   12.413793103448281        6.5334083914506218        2.3579526012278826     
   13.103448275862075        6.5740963079701142        2.4549043225503988     
   13.793103448275868        6.6181831706382104        2.5356407918330319     
   14.482758620689662        6.6617725634448499        2.6217045388390745     
   15.172413793103456        6.7092559899397068        2.6917861472953599     
   15.862068965517249        6.7606577646263242        2.7971583474222732     
   16.551724137931043        6.8131101135542123        2.8479774923751351     
   17.241379310344836        6.8654587034355838        2.9586132991695719     
   17.931034482758630        6.9193449345975697        3.0295138611792773     
   18.620689655172423        6.9756295879106753        3.1232147758859554     
   19.310344827586217        7.0344069523533328        3.2019741184569583     
   20.000000000000011        7.0937703318140963        3.3207347969835883     
   20.689655172413804        7.1531945156835768        3.3871174807078530     
   21.379310344827598        7.2140841120003492        3.4864698737684177     
   22.068965517241391        7.2757595347367294        3.5601994385569222     
   22.758620689655185        7.3396905977224414        3.6757336255560218     
   23.448275862068979        7.4038341095126610        3.7387134043386663     
   24.137931034482772        7.4685244115034566        3.8628237378098844     
   24.827586206896566        7.5335376815500315        3.9250322663227482     
   25.517241379310359        7.5998431843454251        4.0386092277801433     
   26.206896551724153        7.6667575466471618        4.1263037556839732     
   26.896551724137947        7.7346710628719721        4.2583204142371134     
   27.586206896551740        7.8026643647857972        4.3094271711697747     
   28.275862068965534        7.8709837313888427        4.4345701590606126     
   28.965517241379327        7.9399610173870254        4.5207744219613391     
   29.655172413793121        8.0095421845825783        4.6394980497961464     
   30.344827586206915        8.0798677203679503        4.7091493786172061     
   31.034482758620708        8.1502126633970207        4.8384846625935554     
   31.724137931034502        8.2209252921958864        4.9210370574447575     
   32.413793103448292        8.2918771874397574        5.0369429092399152     
   33.103448275862085        8.3634312766291163        5.1423185337832864     
   33.793103448275879        8.4352875555438160        5.2593340291797999     
   34.482758620689673        8.5074512696045090        5.3352227093666693     
   35.172413793103466        8.5798545138215747        5.4705697623691769     
   35.862068965517260        8.6523980739196347        5.5613598206181312     
   36.551724137931053        8.7252066748824912        5.6952911837322411     
   37.241379310344847        8.7973580314307878        5.7603042758946694     
   37.931034482758641        8.9253440560568578        5.9201791062726379     
   38.620689655172434        9.1593612566875571        6.0063041686304359     
   39.310344827586228        9.3527855744158366        6.1586972864179401     
   40.000000000000021        9.3784887312232268        6.2284033568697152     
   40.689655172413815        9.3181693921375235        6.3434976530706217     
   41.379310344827609        9.3990522882737704        6.3822229178260406     
   42.068965517241402        9.3817177852201805        6.4819179009078951     
   42.758620689655196        9.3999226279770429        6.5224529401837215     
   43.448275862068989        9.3216374880260915        6.6024416078913273     
   44.137931034482783        9.3471376960884953        6.6312377264496085     
   44.827586206896576        9.3467787994149489        6.6895958888645897     
   45.517241379310370        9.2796982447682463        6.7163690943410437     
   46.206896551724164        9.1885850598653800        6.7614174531903117     
   46.896551724137957        9.1155375533643106        6.7823022242025894     
   47.586206896551751        8.9919504119922831        6.8151023778000122     
   48.275862068965544        8.9490806576013959        6.8233171705486857     
   48.965517241379338        8.9289312594269763        6.8463092299917436     
   49.655172413793132        8.9472973676850795        6.8533578929408074     
   50.344827586206925        8.7127496115236642        6.8590033508738131     
   51.034482758620719        8.6087128128993076        6.8569242323315267     
   51.724137931034512        8.5762237134511956        6.8548512838841162     
   52.413793103448306        8.3926307720873030        6.8527844574126453     
   53.103448275862100        8.3341013740006602        6.8507237166917117     
   53.793103448275893        8.2946287820439206        6.8486690400112353     
   54.482758620689687        8.0889626076102612        6.8466204235826282     
   55.172413793103480        8.0038214474447091        6.8445778853929538     
   55.862068965517274        7.9232334048717039        6.8425414693651199     
   56.551724137931068        7.8783505012916901        6.8405112500643810     
   57.241379310344861        7.8333131863227594        6.8384873366645138     
   57.931034482758655        7.7579754410875204        6.8364698761399874     
   58.620689655172448        7.6778219993582804        6.8344590568145351     
   59.310344827586242        7.5284393297028673        6.8324551124289439     
   60.000000000000036        7.5150302503364488        6.8304583261939911     
   60.689655172413829        7.4312300341848623        6.8284690358157638     
   61.379310344827623        7.3369024584291900        6.8264876392388221     
   62.068965517241416        7.2137143807928812        6.8245146020919689     
   62.758620689655210        7.1610631366392035        6.8225504671672592     
   63.448275862069003        7.0240416397556640        6.8205958657330381     
   64.137931034482790        6.9705321011004875        6.8186515299803903     
   64.827586206896584        6.9233383647910856        6.8167183053549119     
   65.517241379310377        6.8833709667388430        6.8147971611408993     
   66.206896551724171        6.7789531112702042        6.8128891974644379     
   66.896551724137964        6.6895535560243502        6.8109956471956146     
   67.586206896551758        6.6116576680276493        6.8091178720262064     
   68.275862068965552        6.5742735678156059        6.8072573532898879     
   68.965517241379345        6.4849006663542710        6.8054156797906318     
   69.655172413793139        6.3915950074606851        6.8035945365471866     
   70.344827586206932        6.3448792037298425        6.8017956995441446     
   71.034482758620726        6.3070775702433641        6.8000210417083169     
   71.724137931034520        6.2047353441270561        6.7982725541639653     
   72.413793103448313        6.1710569073528010        6.7965523841971454     
   73.103448275862107        6.1243879183683108        6.7948628876143431     
   73.793103448275900        6.0760758829766450        6.7932066889627718     
   74.482758620689694        6.0282003969951550        6.7915867393139688     
   75.172413793103487        6.0173745645704182        6.7900063588591131     
   75.862068965517281        5.9701218618244116        6.7884692512040257     
   76.551724137931075        5.8826910227449787        6.7869794783472779     
   77.241379310344868        5.7534460924239603        6.7855413904553217     
   77.931034482758662        5.7151865736320202        6.7841595944545601     
   78.620689655172455        5.7063895627390524        6.7828387352290838     
   79.310344827586249        5.6620649853455634        6.7815831971681524     
   80.000000000000043        5.6175789787199886        6.7804052990632089     
   80.689655172413836        5.5751497165890900        6.7793077529414010     
   81.379310344827630        5.5444586695922808        6.7782920796389208     
   82.068965517241423        5.5032579854187027        6.7773597547907443     
   82.758620689655217        5.4980072615399900        6.7765141938867801     
   83.448275862069011        5.4605906965283078        6.7757453937748426     
   84.137931034482804        5.4381067956263944        6.7750474880642715     
   84.827586206896598        5.4341872551111878        6.7744185308419231     
   85.517241379310391        5.4307443996584057        6.7738498817460435     
   86.206896551724185        5.3813542603382674        6.7733452753329608     
   86.896551724137979        5.3787945383059848        6.7729011449035221     
   87.586206896551772        5.3765942994653280        6.7725104834625043     
   88.275862068965566        5.3747161178252343        6.7721687966797770     
   88.965517241379359        5.3731236636453010        6.7718758864849553     
   89.655172413793153        5.3717823359703356        6.7716257854291904     
   90.344827586206947        5.3706597403620986        6.7714133308648794     
   91.034482758620740        5.3697260173882135        6.7712348481490334     
   91.724137931034534        5.3689540347958733        6.7710850536432821     
   92.413793103448327        5.3683194611688156        6.7709600097841554     
   93.103448275862121        5.3678007414750670        6.7708554699892094     
   93.793103448275915        5.3673789956176128        6.7707691016567706     
   94.482758620689708        5.3421403275290231        6.7706981180788581     
   95.172413793103502        5.3418652469087728        6.7706400548289842     
   95.862068965517295        5.3416448757102160        6.7705927753595834     
   96.551724137931089        5.3414691371866763        6.7705544439174723     
   97.241379310344882        5.3413296041752476        6.7705233404426162     
   97.931034482758676        5.3412192822753788        6.7704983001442223     
   98.620689655172470        5.3411324073910240        6.7704782412384885     
